X1: 0.989001687890467
X2: 1.938668304206833
X3: 2.963740156277350
